-15.274084631545 
22.7332957789883 
38.423893346835 
17.3543484172573 
22.6833523244884 
-6.40811459417988 
-14.2495038822276 
13.5407684580655 
-11.5936198650066 
25.5410414147756 
1.14629138641692 
30.9450756350153 
20.5150298044904 
18.383579975875 
14.2147072202383 
18.3521218584001 
7.63770558386468 
-0.758350733126229 
13.7596326163506 
20.0458588836195 
-12.6134783110759 
65.3775978932273 
-5.06698924997612 
-5.16247574501435 
6.73878399917882 
74.1554230295591 
2.67020241332407 
7.88859478434143 
17.7501833496853 
-17.70910626704 
-12.9401349749277 
25.505543935834 
-13.6159083595787 
14.4246719395723 
-15.2598235296958 
26.0287133510261 
0.0723807694768737 
6.93637638603279 
-7.46193258691822 
-18.3716157317997 
-8.97772986747008 
19.8950352693487 
-5.52053552075987 
-0.124019411397982 
10.3313407312736 
-5.40838995624618 
-11.43645409251 
-3.50437260935675 
29.5088079892471 
-5.20414160024502 
-25.1059950663816 
13.9391004117064 
18.4298121974231 
23.1086640768364 
9.59450358351865 
6.26889599215745 
9.73732334085418 
11.384348620607 
12.3304154570579 
-1.03308617470233 
22.1561086448974 
21.2982020151163 
26.5061208308961 
15.25163192369 
3.08227441469313 
20.2647777153174 
0.94731684907249 
-133.327874763672 
-60.3023210022149 
7.14495866239483 
-3.78552154182257 
-6.35536764778365 
20.0375857378357 
2.71900735580408 
16.5596136174853 
-17.3014877344291 
-9.80166534743092 
-7.89046273118477 
-42.2938561203756 
-33.8170826712202 
12.0958142853338 
17.7891148278033 
-24.0177111321332 
-29.3522084311584 
-2.46073536939387 
-14.6982695284599 
-4.46946682564538 
-18.8053836338991 
-18.1070863053289 
-11.6403766158608 
1.42577649342536 
9.26295702838925 
-8.38598733058809 
-9.77639667012152 
-21.7215001870148 
-25.8027823880989 
-18.5233554272358 
-23.5458300418078 
-21.2998149828613 
-20.0216864546644 
52 48 

   user  system elapsed 
  0.872   0.004   0.875 
NULL
