54.187341097621 
-31.9020738913985 
-28.5904740587515 
6.9526511743134 
-67.6945598803509 
-28.3274508538419 
-159.418105682727 
-50.6275658444938 
-30.7721802386106 
-8.2367875613881 
-3.80668590518412 
4.57392922400746 
-5.45605737950472 
47.963678656987 
-34.5999610009799 
50.391399861946 
-9.70970050651752 
-37.6655113858518 
25.4418642441401 
42.2447017656002 
-27.6911752835347 
31.3396771056522 
22.7412378023415 
1.3927884071113 
32.3563497427212 
129.676583608751 
-45.7296618410548 
2.12335462728318 
24.3457921672834 
-44.9041941179288 
-103.981848351912 
40.8687431397359 
-78.4871466123753 
-22.4140806300314 
-45.9349225840547 
-48.7756327717893 
-40.5659591045353 
-30.8658812429051 
31.5832008756213 
-31.2104291994921 
-76.35998267757 
-63.6225598945062 
-38.0395740815181 
-22.6781073123888 
-22.617693058649 
-22.9844873491512 
-15.9419670782555 
-10.8383746705565 
-20.0729390782711 
1.6809273848854 
-22.0848942251011 
-13.5530942345639 
-21.8614267270335 
-9.87723021286282 
-50.4456304037264 
-13.3864268355787 
-41.079476818251 
-43.1474888871658 
-41.3274976712796 
27.9624505428127 
19.621275875714 
9.12241577889017 
32.3928806693513 
36.0256897232094 
-31.9653524410197 
19.8639172628576 
-5.74177006165203 
-146.684063235505 
-43.0384004910378 
35.3383728361794 
53.1715150573867 
-16.8853647008986 
-21.7996131024715 
8.54448351078577 
-17.3902290666277 
-81.5330057840938 
-48.0005387547471 
-45.9100380906676 
-48.0289995485488 
-51.0313340683611 
0.817331915262666 
15.2145404638489 
-29.4558700461756 
-34.753837814754 
-60.1425867265363 
-25.9182495076482 
-44.9995598227656 
-43.3059783533241 
-29.3212035345562 
-16.7109253965118 
0.884385259441805 
17.1505868471281 
-1.01589033499299 
-10.6609795594869 
-57.3262415346432 
-47.8374545682878 
-50.1048510067786 
-50.7935853527983 
-50.5314848987041 
-58.7964632188198 
30 70 

   user  system elapsed 
144.025   2.724 146.742 
NULL
