-8.3989973271621 
-59.80268831501 
1.36330712102049 
5.99483429937254 
-91.7941809510663 
-32.9704353617397 
31.1051082312988 
-70.1185224711005 
-23.0051717419122 
47.0698685711692 
4.02474380365937 
-66.6217316110507 
-23.3717018746024 
74.607373788305 
-30.7950422534296 
92.265304827849 
-20.0295856180622 
-40.4865079316315 
29.9449449603593 
42.246368036095 
-49.6480986306402 
89.122198875888 
68.417805152364 
34.6193968236197 
98.30650581498 
185.998955293835 
-60.2280305869477 
134.378031673468 
32.6696830533919 
-20.6602130839065 
-267.662445214804 
46.920546496481 
-136.373217229416 
-2.79245348577738 
-129.506226711733 
-39.5533362341678 
-68.1673942176339 
3.1922850670804 
53.0934808323473 
54.0589626255593 
-32.1941807207569 
-115.390126191037 
-133.79879075155 
-102.512129807464 
-41.2481043396381 
-31.9074158476965 
-104.294951387646 
-19.0567341528151 
-623.934763262557 
52.5952446652777 
-44.7165415255938 
-37.0130713063962 
4.81480817090654 
84.0464035596054 
-37.8336767897729 
88.7823716528212 
-50.4021498128536 
-22.0763702074663 
-38.2399680546319 
24.4740106673653 
18.0217928982469 
47.9604741203867 
64.0085907089268 
47.3939378334225 
-67.4554363131114 
39.2825639592562 
-20.7182737403475 
-387.120021348986 
-98.512487405991 
95.0429451494777 
97.5120680204418 
-54.2193023643024 
-22.2165916245422 
60.5320943985748 
-32.7334520934747 
-54.0852057700663 
109.040482686426 
-14.1527309998885 
-20.9404035605901 
-12.2597254049234 
107.520877499826 
-0.741165680648091 
0.458707304025404 
24.8141757979178 
-69.0839535654514 
15.8271180874313 
76.5098395104573 
256.860160914848 
67.5876052409901 
-39.535250640846 
9.43772974056828 
-23.4212788101212 
-48.8640520955423 
-22.9933348345187 
-94.4620720939874 
-45.7344620363837 
-73.6929336017607 
-51.9271967139868 
-40.5487224491736 
-55.9385978536728 
42 58 

    user   system  elapsed 
3408.709   77.509 3486.147 
NULL
