-25.242722511052 
42.8263649865954 
26.1907584436865 
21.5949653077118 
10.5649179761876 
1.04115124681769 
-17.726313483948 
2.51755697549198 
-3.157885574828 
15.0781112153672 
0.125044833488076 
23.0255434109207 
1.97777864036403 
20.6248732480679 
6.8820126601203 
17.7729522107373 
-9.38614025698107 
-2.89302830084012 
13.4949584064657 
6.91692283631832 
6.58771467588967 
32.956006633894 
3.69558739617539 
-18.6146919090211 
12.8606695319909 
37.6928592116627 
7.18588933200463 
-0.567864650301238 
25.230339518516 
2.84964203235603 
-11.1277623505815 
-1.21954276549248 
33.7652728775668 
7.73700417192562 
15.6435000412936 
16.9045472959221 
4.4278966209812 
-8.74078467949337 
-3.61087426675692 
-7.43044543868035 
-4.02990940972651 
18.6668385231553 
-9.58819275987877 
3.52223288375276 
1.33567317551918 
0.976813552057363 
11.8722800423829 
-4.59521022761017 
20.7873343511217 
3.68806858351924 
0.550927380061649 
9.69262438008668 
-2.77369648114377 
1.30681244888626 
0.757751248151105 
-1.09805633468775 
-1.66765373880406 
-3.41890573232609 
-2.86345708061951 
-7.38697006893873 
28.9793667312446 
14.9327942279553 
11.973635971986 
5.35001029522484 
-23.852661160765 
27.6778053894381 
-8.2866490310204 
-27.0232327145032 
12.0187408993857 
8.44243388041156 
12.6016570119221 
-3.99728035137836 
12.2653426929512 
-4.9514339450954 
-11.279221263284 
1.60738652021114 
21.9242707326864 
6.3020875109243 
-22.9584525492451 
-10.4724152504786 
8.88790909739994 
-15.1783993779043 
-9.54615300780684 
-4.63363917112003 
-2.78385792182401 
20.2587153669998 
3.78327501404569 
-0.475131876579841 
3.06783720283692 
-6.21945559430782 
-11.3452061696224 
-1.83822959414485 
-4.16041824603136 
-6.15598472307995 
-18.7975081453574 
-22.4079662455403 
-12.0140333903514 
-16.0158346907841 
-16.1829042989029 
-15.1039951633108 
55 45 

   user  system elapsed 
  0.752   0.004   0.756 
NULL
