-8.62984963021347 
-14.3870079802098 
10.138683822355 
16.3622245062143 
-3.99875650370141 
-5.4006386592546 
-27.4756236105804 
-18.6294830371891 
-23.5991642152336 
28.0473857421305 
3.98880115443705 
21.5390996080005 
-0.740289334847479 
31.9690525181347 
-14.1437290873225 
27.2183614769267 
-16.5426594636783 
-29.0679474405972 
2.11849178911081 
33.3762609548409 
-9.54322333206817 
53.7953249387588 
9.02472834174683 
1.23253287511652 
-6.96140259139857 
91.879246065351 
-14.2790722362939 
1.63924718242946 
8.11445288693093 
-26.5110934002203 
-48.7663722322492 
20.1080872185644 
-58.1233202932524 
-6.55547167128087 
-16.9359387891208 
-12.2701966803455 
-4.61457875505401 
-15.3643810426224 
-2.57351891765931 
-40.4669748238148 
-57.7362253710227 
-31.5042192286955 
-26.9025083435444 
-7.07203044966545 
4.58650198819293 
-17.3387565518646 
-1.78136620959157 
-10.5684643525099 
0.0124182881583719 
8.60144948078139 
-22.1960745865462 
3.20512054632925 
6.18148302631832 
13.8609348551037 
-7.63912262933254 
16.2098169865315 
-1.72919103498569 
-9.28462132886199 
-3.2444746387211 
23.8904908940401 
26.8572776957123 
13.9300998827053 
36.0436428446002 
28.0316442536698 
25.2232809044746 
22.2584834040327 
-6.87512793018085 
-184.79096255779 
-60.3437565638872 
13.900493054752 
21.9367125140623 
-16.5554332324664 
-0.538226020751914 
0.927382681335615 
-8.83292799009253 
-49.7934857733294 
-3.53211125928153 
-25.331020987725 
-59.2308369425558 
-41.8482287157603 
19.6740894422909 
18.2156537691185 
-48.6766332031933 
-45.0640937182186 
-17.1604944036906 
-9.70152255743606 
-5.92296830408117 
-18.8771359116375 
-8.48142575822069 
-6.09605452087938 
6.9429072618243 
5.25330162241003 
-8.77907191285631 
-7.03037757917529 
-14.7844215501408 
-27.7376390887543 
-25.160774310978 
-22.9352050050916 
-33.4771237407156 
-35.1162491093214 
37 63 

   user  system elapsed 
  7.004   0.028   7.034 
NULL
